110 0.00039540883153676987
111 0.0029593680519610643
112 0.0006559822359122336
113 0.0008390558650717139
114 0.00038369206595234573
115 0.0001406423543812707
116 0.0005036897491663694
117 0.00103913270868361
118 0.0005885832943022251
119 0.0002525023592170328
120 0.0006563029019162059
121 0.00034857733407989144
122 0.0005524661974050105
123 0.005903805140405893
124 0.0004127627471461892
125 0.0004897887702099979
126 0.001466284622438252
127 0.0006959516904316843
128 0.0017151916399598122
129 0.0021851356141269207
130 0.0006731833564117551
131 0.0042881714180111885
132 0.000666639709379524
133 0.0005036740330979228
134 0.00022547914704773575
135 0.000593057309743017
136 0.0008072796044871211
137 0.000823930196929723
138 0.00134872121270746
139 0.0007354400004260242
140 0.0006791402702219784
141 0.0002683822240214795
142 0.0007311952067539096
143 0.0006318893865682185
144 0.0004603569977916777
145 0.0003138418251182884
146 0.0003204016829840839
147 0.001264042453840375
148 0.00017672085959929973
149 0.00025905860820785165
150 0.00017446819401811808
151 0.00024022975412663072
152 0.0003064189222641289
153 0.0004880921042058617
154 0.00012045189942000434
155 0.0001652444334467873
156 0.0007798263104632497
157 0.0005510009941644967
158 0.00015686832193750888
159 0.0001825080398702994
160 0.00020193484670016915
161 0.00029854211607016623
162 0.0003580436750780791
163 0.00015152149717323482
164 0.000106966239400208
165 0.0002972413203679025
166 0.000523479946423322
167 0.00019308253831695765
168 0.0002925769076682627
169 0.000336680852342397
170 0.00042426539584994316
171 0.00029455716139636934
172 0.00018770569295156747
173 9.127363591687754e-05
174 0.00028098016628064215
175 0.0001432864519301802
176 9.601135388948023e-05
177 7.143886614358053e-05
178 0.000276274629868567
179 7.737052510492504e-05
180 0.0011797917541116476
181 0.0002233655541203916
182 0.0003907643840648234
183 9.63979255175218e-05
