0 0.04191697761416435
1 0.03314875438809395
2 0.01569070853292942
3 0.009031804278492928
4 0.0021629435941576958
5 0.0011735190637409687
6 0.0019054197473451495
7 0.002972149522975087
8 0.00107535847928375
9 0.0016180298989638686
10 0.003501077415421605
11 0.0018683378584682941
12 0.0012691806768998504
13 0.0016990003641694784
14 0.0006882802699692547
15 0.001101322821341455
16 0.0023468052968382835
17 0.0020253148395568132
18 0.002010330790653825
19 0.0042134616523981094
20 0.0007119719521142542
21 0.005182289984077215
22 0.0016709683695808053
23 0.0008615075494162738
24 0.0006436296389438212
25 0.002362045692279935
26 0.0006687878631055355
27 0.0011682698968797922
28 0.001774652861058712
29 0.0026455477345734835
30 0.0018055581022053957
31 0.0013752345694229007
32 0.001923728734254837
33 0.0010691799689084291
34 0.0004647944588214159
35 0.0008939864346757531
36 0.0008399355574510992
