37 0.0017621945589780807
38 0.0029337694868445396
39 0.0011946829035878181
40 0.0009915557457134128
41 0.0010133265750482678
42 0.0006588782416656613
43 0.0016040619229897857
44 0.001156604033894837
45 0.0017391083529219031
46 0.0005920683033764362
47 0.0009252911549992859
48 0.0008922766428440809
49 0.0009887570049613714
50 0.0023985421285033226
51 0.000553941004909575
52 0.0004157842486165464
53 0.0016765953041613102
54 0.0017593556549400091
55 0.001608801307156682
56 0.002007260685786605
57 0.0005558499251492321
58 0.007682631257921457
59 0.0010131190065294504
60 0.0006640125648118556
61 0.0005328427068889141
62 0.0017793115694075823
63 0.0010577277280390263
64 0.0010765051702037454
65 0.0012336078798398376
66 0.0013169560115784407
67 0.0014464793493971229
68 0.0008100471459329128
69 0.0013322903541848063
70 0.0010482990182936192
71 0.0012758189113810658
72 0.0005423180991783738
73 0.0004360727034509182
74 0.0017345313681289554
75 0.0009246292756870389
76 0.0010198449017480016
77 0.00041823042556643486
78 0.0008861290407367051
79 0.0002917413949035108
80 0.0007077994523569942
81 0.0007935069734230638
82 0.00022892899869475514
83 0.0012707174755632877
84 0.0011956419330090284
85 0.0008402860839851201
86 0.000513771316036582
87 0.0006322821136564016
88 0.0006991520058363676
89 0.0007231286144815385
90 0.0007416533189825714
91 0.0002848234144039452
92 0.001231104601174593
93 0.0026029255241155624
94 0.0013457410968840122
95 0.0005383104435168207
96 0.0002883566194213927
97 0.0007329644868150353
98 0.0027377719525247812
99 0.0011674674460664392
100 0.0005164467729628086
101 0.0008756180759519339
102 0.0005570368375629187
103 0.00036026566522195935
104 0.0004137060313951224
105 0.00036216594162397087
106 0.0002684738428797573
107 0.0009985686047002673
108 0.0004004493821412325
109 0.00249756989069283
