0 0.06433682143688202
1 0.05728599429130554
2 0.052110061049461365
3 0.052400123327970505
4 0.04548976942896843
5 0.04597429558634758
6 0.042705051600933075
7 0.040408048778772354
8 0.03997919708490372
9 0.03733650594949722
10 0.03217090666294098
11 0.02768019214272499
12 0.03470146656036377
13 0.029571782797574997
14 0.028881749138236046
15 0.03676874563097954
16 0.031266339123249054
17 0.026445023715496063
18 0.026448486372828484
19 0.02540217898786068
20 0.03363887965679169
21 0.016773371025919914
22 0.025533683598041534
23 0.023405475541949272
24 0.026711836457252502
25 0.02853389084339142
26 0.02539997361600399
27 0.022562390193343163
28 0.02409626916050911
29 0.029618849977850914
30 0.03151857852935791
31 0.018993670120835304
32 0.024701280519366264
33 0.0159247238188982
34 0.03221143037080765
35 0.0240098237991333
36 0.027066092938184738
37 0.02005252242088318
38 0.018087871372699738
39 0.022998889908194542
40 0.022008538246154785
41 0.014734497293829918
42 0.021543364971876144
43 0.014399917796254158
44 0.02104460820555687
45 0.025464821606874466
46 0.02441498450934887
47 0.02506275102496147
48 0.014246291480958462
49 0.026477087289094925
50 0.020758703351020813
51 0.02254488691687584
52 0.024006925523281097
53 0.021760374307632446
54 0.028034089133143425
55 0.0212330874055624
56 0.022008001804351807
57 0.019155364483594894
58 0.016708051785826683
59 0.02426127716898918
60 0.022283917292952538
61 0.015572598204016685
62 0.01938384771347046
63 0.01202476304024458
64 0.02088315412402153
65 0.02677944302558899
66 0.02266099862754345
67 0.014022651128470898
68 0.023441918194293976
69 0.023185841739177704
70 0.015477413311600685
71 0.023423250764608383
72 0.02703155390918255
73 0.014717559330165386
74 0.024174457415938377
75 0.016751952469348907
76 0.02185504138469696
77 0.015949800610542297
78 0.020533621311187744
79 0.027109220623970032
80 0.017963921651244164
81 0.02721225842833519
82 0.027542654424905777
83 0.027888868004083633
84 0.021465903148055077
85 0.017504097893834114
86 0.02737985923886299
87 0.023428654298186302
88 0.0249023474752903
89 0.020321980118751526
90 0.016599440947175026
91 0.027462001889944077
92 0.02460523508489132
93 0.024743258953094482
94 0.022082602605223656
95 0.02179599553346634
96 0.018885692581534386
97 0.025068413466215134
98 0.024858087301254272
99 0.019645068794488907
100 0.020047567784786224
101 0.021346747875213623
102 0.021770043298602104
103 0.018362049013376236
104 0.018651917576789856
105 0.020976228639483452
106 0.013480409979820251
107 0.024752479046583176
108 0.025985535234212875
109 0.024918509647250175
110 0.01747724413871765
111 0.020276954397559166
112 0.024997754022479057
113 0.020356200635433197
114 0.019390150904655457
115 0.021526198834180832
116 0.015722233802080154
117 0.015757117420434952
118 0.019605550915002823
119 0.01599586382508278
120 0.015365472994744778
121 0.01979033462703228
122 0.021081041544675827
123 0.020384950563311577
124 0.020522644743323326
125 0.01637471839785576
126 0.021984100341796875
127 0.023919381201267242
128 0.019185280427336693
129 0.01849782094359398
130 0.01961377263069153
131 0.021348852664232254
132 0.02670760452747345
133 0.019280068576335907
134 0.018452070653438568
135 0.023061778396368027
136 0.016959460452198982
137 0.02070220559835434
138 0.01742458902299404
139 0.015545777976512909
140 0.018479906022548676
141 0.016221407800912857
142 0.019176021218299866
143 0.020541803911328316
144 0.02246478758752346
145 0.02414686791598797
146 0.022438596934080124
147 0.024513695389032364
148 0.021974973380565643
149 0.019476188346743584
150 0.014607354067265987
151 0.022868961095809937
152 0.013043987564742565
153 0.018766820430755615
154 0.01941494457423687
155 0.017157018184661865
156 0.017422128468751907
157 0.02848132513463497
158 0.017408296465873718
159 0.01880422793328762
160 0.03617808222770691
161 0.023485012352466583
162 0.02485339716076851
163 0.019357314333319664
164 0.012021459639072418
165 0.017204776406288147
166 0.021089768037199974
167 0.016761884093284607
168 0.018437370657920837
169 0.021377723664045334
170 0.014991819858551025
171 0.018646113574504852
172 0.020909061655402184
173 0.02568991482257843
174 0.014852194115519524
175 0.013802471570670605
176 0.02647576294839382
177 0.021904349327087402
178 0.016471970826387405
179 0.01734449341893196
180 0.01647513173520565
181 0.020484669134020805
182 0.01900293305516243
183 0.013109646737575531
184 0.013258179649710655
185 0.014723609201610088
186 0.018460340797901154
187 0.02465483546257019
188 0.02723683789372444
189 0.022215262055397034
190 0.018265847116708755
191 0.02325393073260784
192 0.02153627574443817
193 0.020243175327777863
194 0.013094097375869751
195 0.014932507649064064
196 0.019583195447921753
197 0.015922153368592262
198 0.017774442210793495
199 0.01690242625772953
200 0.0146257933229208
201 0.02199712023139
202 0.01879025809466839
203 0.02059384621679783
204 0.020089659839868546
205 0.01910361275076866
206 0.01848541386425495
207 0.02758917212486267
208 0.01801016926765442
209 0.02041308954358101
210 0.022884784266352654
211 0.016890041530132294
212 0.018772348761558533
213 0.021203704178333282
214 0.01404376607388258
215 0.024726450443267822
216 0.012425802648067474
217 0.020869243890047073
218 0.02259540557861328
219 0.019621366634964943
220 0.022420432418584824
221 0.01767273247241974
222 0.0273720882833004
223 0.02540498599410057
224 0.02002546936273575
225 0.01756295934319496
226 0.01685832254588604
227 0.018640419468283653
228 0.027239983901381493
229 0.022525204345583916
230 0.0199881698936224
231 0.015785912051796913
232 0.016820527613162994
233 0.02298383042216301
234 0.012635746970772743
235 0.024069566279649734
236 0.019736478105187416
237 0.01812993548810482
238 0.021883681416511536
239 0.023134592920541763
240 0.015485073439776897
241 0.02102428674697876
242 0.017967598512768745
243 0.014551933854818344
244 0.02198111265897751
245 0.014327805489301682
246 0.018857892602682114
247 0.022275280207395554
248 0.015398634597659111
249 0.02091630920767784
250 0.018228255212306976
251 0.02027324214577675
252 0.017100436612963676
253 0.014079315587878227
254 0.020308200269937515
255 0.02062736451625824
256 0.018416650593280792
257 0.021275918930768967
258 0.020516287535429
259 0.021788980811834335
260 0.016398495063185692
261 0.02309872768819332
262 0.009931828826665878
263 0.018529973924160004
264 0.022061681374907494
265 0.02204849198460579
266 0.018512923270463943
267 0.016295364126563072
268 0.021058691665530205
269 0.022644197568297386
270 0.024417240172624588
271 0.02824993245303631
272 0.018618851900100708
273 0.0184195376932621
274 0.023626267910003662
275 0.030975930392742157
276 0.020627979189157486
277 0.01983499526977539
278 0.015897471457719803
279 0.021429061889648438
280 0.016969535499811172
281 0.01814134791493416
282 0.018727226182818413
283 0.02311304584145546
284 0.017009353265166283
285 0.01692180521786213
286 0.019114820286631584
287 0.022371312603354454
288 0.02289932779967785
289 0.01607327163219452
290 0.011232277378439903
291 0.01411130279302597
292 0.01459694467484951
293 0.020593103021383286
294 0.017475858330726624
295 0.02240481972694397
296 0.018569834530353546
297 0.019017137587070465
298 0.020510630682110786
299 0.017941856756806374
300 0.020329607650637627
301 0.02058611810207367
302 0.012904850766062737
303 0.01897299848496914
304 0.02280869148671627
305 0.01981296017765999
306 0.020708518102765083
307 0.014484117738902569
308 0.01819087751209736
309 0.015235841274261475
310 0.023204347118735313
311 0.0213756263256073
312 0.017037000507116318
313 0.028066396713256836
314 0.019490770995616913
315 0.017344513908028603
316 0.022246694192290306
317 0.01871076598763466
318 0.016025424003601074
319 0.02241070568561554
320 0.01690962165594101
321 0.01755603961646557
322 0.020058514550328255
323 0.01601492241024971
324 0.018857518211007118
325 0.017817212268710136
326 0.016753867268562317
327 0.01756429299712181
328 0.016700437292456627
329 0.015350399538874626
330 0.024276763200759888
331 0.019467659294605255
332 0.014998843893408775
333 0.018887054175138474
334 0.02132590487599373
335 0.017257720232009888
336 0.015510878525674343
337 0.01618468016386032
338 0.01679358445107937
339 0.015798883512616158
340 0.021382790058851242
341 0.014586581848561764
342 0.022098015993833542
343 0.014939231798052788
344 0.018199846148490906
345 0.018221454694867134
346 0.02685319446027279
347 0.027389775961637497
348 0.02830282412469387
349 0.018951252102851868
350 0.013655225746333599
351 0.01866471953690052
352 0.01916799321770668
353 0.0177424568682909
354 0.02059781551361084
355 0.012345850467681885
356 0.019297098740935326
357 0.020740263164043427
358 0.02195417881011963
359 0.016570746898651123
360 0.021500390022993088
361 0.01911093294620514
362 0.018155980855226517
363 0.017757220193743706
364 0.013340918347239494
365 0.022420329973101616
366 0.02434549853205681
367 0.014812713488936424
368 0.015341565012931824
369 0.018742065876722336
370 0.017898019403219223
371 0.010722490027546883
372 0.015590853989124298
373 0.025061815977096558
374 0.018566371873021126
375 0.01754789613187313
376 0.0178179070353508
377 0.012145217508077621
378 0.014576437883079052
379 0.015792114660143852
380 0.015678975731134415
381 0.023316800594329834
382 0.013872077688574791
383 0.0185945313423872
384 0.022065376862883568
385 0.019987650215625763
386 0.014963439665734768
387 0.016725381836295128
388 0.022130537778139114
389 0.025631289929151535
390 0.01755375601351261
391 0.01865716278553009
392 0.0192054845392704
393 0.014329570345580578
394 0.022259462624788284
395 0.021499454975128174
396 0.013212769292294979
397 0.015492278151214123
398 0.021218590438365936
399 0.023406244814395905
400 0.02110045775771141
401 0.014505663886666298
402 0.017669767141342163
403 0.020251795649528503
404 0.021170219406485558
405 0.02310360036790371
406 0.019579891115427017
407 0.019875383004546165
408 0.014374318532645702
409 0.020214030519127846
410 0.023149553686380386
411 0.014424446038901806
412 0.02062217891216278
413 0.014838971197605133
414 0.022541610524058342
415 0.013824068009853363
416 0.01698112115263939
417 0.02103225141763687
418 0.017579015344381332
419 0.018815312534570694
420 0.014369925484061241
421 0.017727509140968323
422 0.015478992834687233
423 0.018879694864153862
424 0.02157462202012539
425 0.020166635513305664
426 0.010668018832802773
427 0.018644969910383224
428 0.012522819451987743
429 0.014377199113368988
430 0.019709253683686256
431 0.01783539168536663
432 0.013599343597888947
433 0.013947213999927044
434 0.012339223176240921
435 0.018585089594125748
436 0.02057209424674511
437 0.007707691751420498
438 0.014053850434720516
439 0.017610033974051476
440 0.021921738982200623
441 0.019945118576288223
442 0.017018793150782585
443 0.012022273615002632
444 0.014034958556294441
445 0.015236426144838333
446 0.010755638591945171
447 0.02640410140156746
448 0.02042940817773342
449 0.007027673535048962
450 0.017247889190912247
451 0.02054143324494362
452 0.023311002179980278
453 0.014840218238532543
454 0.019702309742569923
455 0.018079839646816254
456 0.016117408871650696
457 0.015808075666427612
458 0.013678580522537231
459 0.015240627340972424
460 0.013887440785765648
461 0.018944114446640015
462 0.015349583700299263
463 0.01515693124383688
464 0.01311497949063778
465 0.01725083589553833
466 0.016342319548130035
467 0.020123478025197983
468 0.016190217807888985
469 0.01897209696471691
470 0.017240820452570915
471 0.015660647302865982
472 0.020953474566340446
473 0.01209353283047676
474 0.02171453833580017
475 0.022568479180336
476 0.018487971276044846
477 0.018457837402820587
478 0.018818385899066925
479 0.013987548649311066
480 0.024016741663217545
481 0.018801115453243256
482 0.013870766386389732
483 0.014547891914844513
484 0.022464096546173096
485 0.0166021641343832
486 0.017445407807826996
487 0.018312355503439903
488 0.01638234406709671
489 0.017061982303857803
490 0.01957007497549057
491 0.020244117826223373
492 0.014973867684602737
493 0.016431115567684174
494 0.01718621514737606
495 0.016854919493198395
496 0.02157038077712059
497 0.01726195216178894
498 0.01335509866476059
499 0.018170133233070374
