0 0.061541229486465454
1 0.057607509195804596
2 0.04972284659743309
3 0.05310225114226341
4 0.04707589000463486
5 0.04331454634666443
6 0.041434675455093384
7 0.041971608996391296
8 0.03912334144115448
9 0.033815767616033554
10 0.028842467814683914
11 0.027257999405264854
12 0.03156192973256111
13 0.027585795149207115
14 0.029475219547748566
15 0.03264378756284714
16 0.029015451669692993
17 0.027480915188789368
18 0.026527613401412964
19 0.026620931923389435
20 0.0318862646818161
21 0.017072340473532677
22 0.027683725580573082
23 0.024682721123099327
24 0.024675017222762108
25 0.026654452085494995
26 0.024730799719691277
27 0.022254250943660736
28 0.02030571550130844
29 0.027847876772284508
30 0.03326881676912308
31 0.02294929139316082
32 0.02446867525577545
33 0.01561422273516655
34 0.03080686740577221
35 0.023084459826350212
36 0.02792488783597946
37 0.01970508322119713
38 0.01882890611886978
39 0.022657345980405807
40 0.0215745996683836
41 0.013791392557322979
42 0.021953430026769638
43 0.011888295412063599
44 0.02073630504310131
45 0.02506343275308609
46 0.026830174028873444
47 0.024492567405104637
48 0.01262582652270794
49 0.02584107778966427
50 0.02041885070502758
51 0.020449042320251465
52 0.024286635220050812
53 0.02172197960317135
54 0.026482021436095238
55 0.021038182079792023
56 0.01971493475139141
57 0.018523264676332474
58 0.015678543597459793
59 0.023324694484472275
60 0.022984042763710022
61 0.016179589554667473
62 0.019561678171157837
63 0.013691033236682415
64 0.02199985645711422
65 0.024512654170393944
66 0.023110896348953247
67 0.01467493362724781
68 0.023990510031580925
69 0.02402261272072792
70 0.014186660759150982
71 0.025551384314894676
72 0.027236444875597954
73 0.015447608195245266
74 0.027337636798620224
75 0.01690608635544777
76 0.021410128101706505
77 0.015910647809505463
78 0.02184169366955757
79 0.025517266243696213
80 0.020066453143954277
81 0.026779545471072197
82 0.026890158653259277
83 0.02773839235305786
84 0.01945894956588745
85 0.018332568928599358
86 0.026736941188573837
87 0.021463951095938683
88 0.023479832336306572
89 0.019396530464291573
90 0.015216650441288948
91 0.028830617666244507
92 0.02474522590637207
93 0.024964749813079834
94 0.02371882274746895
95 0.020664874464273453
96 0.02123374305665493
97 0.024027030915021896
98 0.022723190486431122
99 0.018979204818606377
100 0.019170673564076424
101 0.024341149255633354
102 0.02155953459441662
103 0.017646051943302155
104 0.018710605800151825
105 0.020187484100461006
106 0.014800570905208588
107 0.02404986321926117
108 0.026319710537791252
109 0.023396311327815056
110 0.01676272414624691
111 0.021113581955432892
112 0.02530793845653534
113 0.017619861289858818
114 0.018352899700403214
115 0.01996459811925888
116 0.01599818840622902
117 0.015883753076195717
118 0.01972430944442749
119 0.01609349250793457
120 0.014254125766456127
121 0.01979704573750496
122 0.021903708577156067
123 0.01837845891714096
124 0.01976444385945797
125 0.017783138900995255
126 0.023604582995176315
127 0.02303066849708557
128 0.02028835378587246
129 0.01904890313744545
130 0.02090848982334137
131 0.021298756822943687
132 0.025878392159938812
133 0.0189231988042593
134 0.01765640638768673
135 0.02219284139573574
136 0.015758361667394638
137 0.021134566515684128
138 0.01704370230436325
139 0.016509205102920532
140 0.01777133345603943
141 0.0174328051507473
142 0.019216524437069893
143 0.019335195422172546
144 0.023450225591659546
145 0.02205514907836914
146 0.021876376122236252
147 0.024094566702842712
148 0.022129101678729057
149 0.019075967371463776
150 0.014335872605443
151 0.024259528145194054
152 0.012795488350093365
153 0.017932042479515076
154 0.018599415197968483
155 0.017794594168663025
156 0.01833408698439598
157 0.027210455387830734
158 0.017602762207388878
159 0.019063761457800865
160 0.03556838631629944
161 0.023411205038428307
162 0.026103831827640533
163 0.01951546221971512
164 0.012598222121596336
165 0.01830783113837242
166 0.022732272744178772
167 0.018760381266474724
168 0.017125360667705536
169 0.022986367344856262
170 0.016026504337787628
171 0.019402872771024704
172 0.0238460935652256
173 0.027606245130300522
174 0.014146482571959496
175 0.013168495148420334
176 0.027039166539907455
177 0.020095692947506905
178 0.015681613236665726
179 0.01394991111010313
180 0.01700628362596035
181 0.0198790542781353
182 0.017458148300647736
183 0.012802059762179852
184 0.013828618451952934
185 0.01421258132904768
186 0.01893971674144268
187 0.023577332496643066
188 0.02751324139535427
189 0.020330114290118217
190 0.018903402611613274
191 0.023778904229402542
192 0.020294012501835823
193 0.019270924851298332
194 0.01264495961368084
195 0.014426141045987606
196 0.020129986107349396
197 0.015736933797597885
198 0.01843360811471939
199 0.017301321029663086
200 0.013736581429839134
201 0.020809432491660118
202 0.018591327592730522
203 0.022619124501943588
204 0.019892189651727676
205 0.01868104189634323
206 0.018488220870494843
207 0.025461046025156975
208 0.017867347225546837
209 0.02028210274875164
210 0.022303055971860886
211 0.015044028870761395
212 0.017884574830532074
213 0.022539054974913597
214 0.014134916476905346
215 0.022886095568537712
216 0.011293910443782806
217 0.02157352864742279
218 0.02200177311897278
219 0.01936282217502594
220 0.023438915610313416
221 0.017171695828437805
222 0.025979049503803253
223 0.02627464011311531
224 0.018427543342113495
225 0.016864709556102753
226 0.017920320853590965
227 0.017960071563720703
228 0.02567482367157936
229 0.02207348868250847
230 0.01881776750087738
231 0.015480121597647667
232 0.016181427985429764
233 0.02476317808032036
234 0.013442597351968288
235 0.024527952075004578
236 0.017440928146243095
237 0.017773736268281937
238 0.021107986569404602
239 0.02041093073785305
240 0.016155513003468513
241 0.017003018409013748
242 0.015712741762399673
243 0.01494440995156765
244 0.024778220802545547
245 0.014445798471570015
246 0.017072506248950958
247 0.020516423508524895
248 0.013925927691161633
249 0.02069672755897045
250 0.016994167119264603
251 0.019253108650445938
252 0.017435044050216675
253 0.014822583645582199
254 0.022159870713949203
255 0.020050449296832085
256 0.01885043829679489
257 0.021419692784547806
258 0.019574038684368134
259 0.020899172872304916
260 0.01652289181947708
261 0.021989013999700546
262 0.009420452639460564
263 0.01972024329006672
264 0.02289247140288353
265 0.019580550491809845
266 0.018225934356451035
267 0.012998832389712334
268 0.02097572200000286
269 0.021482061594724655
270 0.02355485036969185
271 0.026375629007816315
272 0.018851302564144135
273 0.017505504190921783
274 0.022454872727394104
275 0.027603214606642723
276 0.020967960357666016
277 0.020639386028051376
278 0.015161462128162384
279 0.020762214437127113
280 0.015039850026369095
281 0.01788010634481907
282 0.016280317679047585
283 0.024143612012267113
284 0.016828225925564766
285 0.01709349825978279
286 0.018074650317430496
287 0.019946565851569176
288 0.022067999467253685
289 0.015392052941024303
290 0.010959835723042488
291 0.01400267519056797
292 0.014931870624423027
293 0.017900027334690094
294 0.01759200543165207
295 0.020544186234474182
296 0.01999901421368122
297 0.01816447637975216
298 0.01990886777639389
299 0.018070753663778305
300 0.019776148721575737
301 0.01957300305366516
302 0.012729784473776817
303 0.01918010786175728
304 0.0217259731143713
305 0.018846096470952034
306 0.02069753035902977
307 0.01396121084690094
308 0.018450122326612473
309 0.014828143641352654
310 0.02235228382050991
311 0.01943804696202278
312 0.017472781240940094
313 0.026379479095339775
314 0.020393026992678642
315 0.017201343551278114
316 0.022454697638750076
317 0.017067087814211845
318 0.014708011411130428
319 0.02026383951306343
320 0.016346830874681473
321 0.017041068524122238
322 0.02043488249182701
323 0.014802314341068268
324 0.019716652110219002
325 0.016503285616636276
326 0.016579510644078255
327 0.01687328703701496
328 0.0170154832303524
329 0.015851709991693497
330 0.020925085991621017
331 0.018978754058480263
332 0.015533117577433586
333 0.019903916865587234
334 0.02079768478870392
335 0.01846453547477722
336 0.013670997694134712
337 0.01478632353246212
338 0.016298865899443626
339 0.01396264135837555
340 0.02027198299765587
341 0.014860199764370918
342 0.02062278985977173
343 0.01476885937154293
344 0.018099192529916763
345 0.018024813383817673
346 0.02529604360461235
347 0.025560740381479263
348 0.026178285479545593
349 0.019157249480485916
350 0.013392175547778606
351 0.016499165445566177
352 0.018520664423704147
353 0.016844186931848526
354 0.018689531832933426
355 0.013445684686303139
356 0.019976699724793434
357 0.01934841275215149
358 0.022009488195180893
359 0.01630527526140213
360 0.020203711465001106
361 0.02044508047401905
362 0.01770184189081192
363 0.01712956838309765
364 0.012876264750957489
365 0.023433126509189606
366 0.025710245594382286
367 0.014031428843736649
368 0.014454452320933342
369 0.01822267472743988
370 0.01841040700674057
371 0.010447110049426556
372 0.015284514054656029
373 0.023107027634978294
374 0.01829754002392292
375 0.017965469509363174
376 0.017132636159658432
377 0.011341938748955727
378 0.01437506265938282
379 0.01687796786427498
380 0.015322821214795113
381 0.023657968267798424
382 0.013597369194030762
383 0.01899954304099083
384 0.02312343940138817
385 0.01887606456875801
386 0.01360192708671093
387 0.013677015900611877
388 0.022002577781677246
389 0.025912359356880188
390 0.01790156029164791
391 0.01868542842566967
392 0.01943105459213257
393 0.013799252919852734
394 0.022655276581645012
395 0.021566078066825867
396 0.012991493567824364
397 0.016358260065317154
398 0.020644167438149452
399 0.021519623696804047
