0 0.06927183270454407
1 0.02691286988556385
2 0.002870522439479828
3 0.002438425086438656
4 0.003103838535025716
5 0.005868473090231419
6 0.0011876181233674288
7 0.0018710334552451968
8 0.001953276339918375
9 0.001431755837984383
10 0.0007806344074197114
11 0.0017800695495679975
12 0.002611814998090267
13 0.0009030512883327901
14 0.0006496489513665438
15 0.0011321702040731907
16 0.0005894609494134784
17 0.001039761584252119
18 0.0021230753045529127
19 0.0007334512774832547
20 0.0009954069973900914
21 0.001516647171229124
22 0.0031301742419600487
23 0.001970854587852955
24 0.0007251682691276073
25 0.0017746021039783955
26 0.0018681142246350646
27 0.002361371647566557
28 0.003762626089155674
29 0.0007390449172817171
30 0.0009036646224558353
31 0.0005165511392988265
32 0.0015538420993834734
33 0.0004401001788210124
34 0.000993739115074277
35 0.0006920861778780818
36 0.0007871224661357701
37 0.0012550284154713154
38 0.0005738227628171444
39 0.0004050656280014664
40 0.0008817801717668772
41 0.0007585621206089854
42 0.0006000693538226187
43 0.0008187130442820489
44 0.0007379374583251774
45 0.0003876023693010211
46 0.0007494455203413963
47 0.00015887210611253977
48 0.0007926924736239016
49 0.0010588481090962887
50 0.0003774393117055297
51 0.0001425114314770326
52 0.00028409960214048624
53 0.00034635845804587007
54 0.0004879808984696865
55 0.0004066788824275136
56 0.0017734505236148834
57 0.0013590474845841527
58 0.0005167766357772052
59 0.00028479148750193417
60 0.00034270581090822816
61 0.0003190663701388985
62 0.0002946844615507871
63 0.00039548581116832793
64 0.0013246593298390508
65 0.0003526555956341326
66 0.0001851296256063506
67 0.00024093640968203545
68 0.0004334701516199857
69 0.00020916509674862027
70 0.00038877292536199093
71 0.00018543655460234731
72 0.0001574712514411658
73 0.000205378164537251
74 0.000188009551493451
75 0.00016410215175710618
76 0.00019318207341711968
77 0.00014006459969095886
78 0.00013774873514194041
79 0.00016064247756730765
